Pintar los pixeles de A en los 4 colores diferentes

3E AC 32 52 C0 32 53 C0 32 52 C8 32 53 C8 32 52
D0 32 53 D0 32 52 D8 32 53 D8 32 52 E0 32 53 E0
32 52 E8 32 53 E8 32 52 F0 32 53 F0 32 52 F8 32
53 F8 18 FE

00111110 10101100 00110010 01010010 11000000 00110010 01010011 11000000
00110010 01010010 11001000 00110010 01010011 11001000 00110010 01010010
11010000 00110010 01010011 11010000 00110010 01010010 11011000 00110010
01010011 11011000 00110010 01010010 11100000 00110010 01010011 11100000
00110010 01010010 11101000 00110010 01010011 11101000 00110010 01010010
11110000 00110010 01010011 11110000 00110010 01010010 11111000 00110010
01010011 11111000 00011000 11111110

Pintar los 4 pixeles en rojo

3E FF 32 00 C0 18 FE

00111110 11111111 00110010 00000000 11000000 00011000 11111110